7.16897
7.35484
7.61853
7.92881
8.27035
8.63578
9.02176
9.42697
9.85111
10.2944
10.7574
11.2408
11.7452
12.2717
12.8209
13.3938
13.9914
14.6145
15.2643
15.9418
16.6479
17.3839
18.1507
18.9496
19.7818
20.6484
21.5507
22.49
23.4675
24.4845
25.5424
26.6425
27.7862
28.9749
30.2099
31.4928
32.8248
34.2074
35.642
37.13
38.6727
40.2717
41.928
43.6432
45.4184
47.2548
49.1536
51.1159
53.1426
55.2347
57.393
59.6182
61.9108
64.2712
66.6998
69.1967
71.7617
74.3946
77.0949
79.8619
82.6946
85.5918
88.5519
91.5732
94.6535
97.7904
100.981
104.223
107.511
110.844
114.215
117.621
121.056
124.515
127.993
131.483
134.978
138.472
141.958
145.427
148.871
152.284
155.655
158.977
162.24
165.436
168.554
171.587
174.524
177.357
180.077
182.674
185.139
187.465
189.644
191.667
193.527
195.218
196.733
198.067
